77.8605266925965
92.1544090349919
58.5564069909766
43.2238292311291
22.4765972511398
31.3783459649261
79.4778825892014
38.6610451785696
123.147659720991
137.281950261172
76.2930854422419
59.5906762195276
50.2614667152652
63.7917297202056
85.2397225181938
28.4306257701906
269.347565061122
36.9582986434073
81.7567457833776
26.8635178489904
26.5392201431804
57.0885543317823
74.7122934550359
36.0549812678543
39.6259266175761
46.9677553494047
93.7897511636017
56.1814389876129
35.9899871625721
56.3146192201435
31.2079969788536
16.4420130555977
37.918001765312
86.5066640840781
83.967174205692
67.3208230129305
86.7316190980073
81.5966402492333
103.888485244429
86.816945405578
67.4470711311077
58.7360475672853
62.0461531422153
46.9551399347079
111.206445412275
38.4066463825277
67.8671650522494
15.8068660727229
48.5618919008148
38.8810103279976
20.8952872355983
81.610170906285
45.1362161131766
29.4915715563563
50.7202606143266
18.0890191028563
24.501339304401
54.1549630730188
36.4165149403588
14.924156328941
22.9185146498695
88.8492418160961
12.0278797943666
72.8247054520175
44.2397124782208
43.444911862657
39.5000683793984
40.4647836907635
40.8315765768994
43.5753525284688
33.9009844332515
69.0929166974819
46.3276270576844
65.1781084280929
23.7837877242245
90.4474452284344
64.2455209133367
31.4001015970652
25.1136258128503
40.7597963099134
63.7641145908259
42.6693027600327
34.1586252118299
42.2435741741382
45.1364171798224
24.5458172781628
44.8383602578061
40.1303692377909
49.2881692148869
29.9434304804821
84.1119448974215
112.460387761653
26.4513396143391
58.1232515825801
16.5829299673271
14.92690358178
68.1080387268507
29.4895071083974
16.9354093797787
52.0298489377027
28.9012789607381
116.520345555932
61.0529478654846
24.7458487791955
47.0595224243512
37.7924540131537
63.7065298188908
35.2482606339279
53.0432959532631
60.3263391872028
25.7069343494501
109.467735833491
120.862498828291
71.5849314271888
34.2768943212076
22.3800367523968
28.987798296449
46.9590001532213
21.640548632006
86.1058352944222
38.3812045076582
32.0526359527596
36.5100743554834
26.3792380827372
25.3108451763828
13.6262907578831
30.0428473543112
49.9355408784678
54.3999357328039
46.6606500509703
89.5007300500351
26.6006327138225
35.3858360152464
93.0977479198257
23.2842974669168
106.03596695905
78.3138729756955
110.462313891139
39.365163633988
40.6605833709498
32.5622440891828
42.6131256555524
124.366994417673
68.9051270417817
23.0893083302678
50.3834601773966
61.3809828944742
146.26684278435
32.3132262941494
54.5397317757386
57.8012898785282
41.5337929524139
27.5038696853763
24.4579160695012
31.4878237479171
97.4662619942391
56.0534616247202
38.2305654907138
87.6651213967437
47.902092036022
115.474374454188
58.2046833479219
193.842899188678
80.9798907079979
30.4240839190411
75.5608483102439
77.6846848880116
34.2486497659757
26.2183837853826
67.4537213515637
69.9060658471348
49.2587981153311
86.419159025014
45.4043357949316
64.9274010952522
26.348242136801
48.3579548844029
28.5966726982488
46.0517281864458
64.3684572856311
46.5713043176917
35.8772869195997
39.7487908418533
49.9520710436379
29.4649287008362
19.3161233307869
51.3118384389305
30.6116080203025
101.631568949548
79.8483334826199
43.129578067152
43.8649820888461
66.7182200140612
44.9552854122847
38.3710051821123
20.6173851744401
54.0638184414807
42.5182673091008
77.9617476210446
86.836377800843
35.9882407906967
28.2376075244786
57.5665986012414
47.9471413018053
30.1875504637215
79.8696819376587
25.8776189404343
35.4621515507176
53.7517877887248
42.8643609639283
19.7522102913134
41.1022810826613
54.3406776238351
39.0102110339605
56.5764721656698
26.2958094292175
66.974001177069
30.5614812987428
64.2784164755978
91.7414448975671
62.6542999854396
28.6610685654065
68.2136559927527
37.0276720120837
46.5705250114817
101.447137144925
53.8466679533198
47.0918775793765
45.7686157895161
19.7297628343105
34.6641563326438
104.551721666043
67.0898330181392
28.3814576367055
52.457978972535
86.3367498587705
61.0461033000118
71.9621831191572
115.348003013204
33.5978023689526
31.2131261867148
23.5066857904357
47.0731100347376
95.0735244833704
97.2604959747488
35.2768231320923
24.8009719361969
152.12093160937
50.527047657584
19.9573107303911
48.3024354280621
63.6220995896087
47.2328840064147
56.5058430617355
42.3974487379364
91.0842581453824
36.5194447107394
41.5535595734279
33.8767514817702
38.6253920487883
41.8278061752343
32.3416438633081
40.7519482524143
35.7361900711399
36.5408870214326
47.4572621904445
61.2930691277109
52.7085850536685
56.6939762862145
35.2737952381621
44.8217199418635
47.5500271059325
42.5945264089646
61.6360585285122
58.6917222480756
98.6639810921775
82.3359488371904
24.0022130955289
54.5333958283249
31.0129259624102
121.605909545894
42.0537725279987
22.1071577372441
39.6984462784184
47.6748491062674
25.3400747252135
51.6696259791149
53.9339828621012
47.7637191045012
134.472091569497
40.3287152897634
64.2860702216739
68.6640505533866
64.4129090372481
60.4632185766834
46.5205593826548
43.7320497649017
19.5991961135201
76.5708252939761
39.5546620408878
65.2276666819258
64.9964216573231
26.8517572462477
52.795232025625
60.8807461603195
71.3857657573998
36.5223232397673
21.9725070161978
14.3355621749906
65.5054841103943
13.8854828375247
22.8293002128317
50.7954007903728
22.3131476592225
38.1623906825894
25.8396455945051
62.9807026702672
22.5827830529051
43.149202764701
41.1430233954256
56.9380567419677
53.6150684721346
31.6087085367703
89.3927558745874
45.0140114605268
10.8342326509117
53.6779777936861
47.7817601532839
52.3337131100515
23.3279397832834
106.313001262628
93.5056650416935
41.9948370649564
133.621516939363
92.6286153004111
81.6168092441457
71.9568630882319
36.1885693086931
59.0010918427994
20.4323151908051
70.0175464600463
78.3386553366534
115.821791569068
48.903644506592
78.9380094384731
41.4997939240252
16.797351820417
47.7568879978015
52.031600914219
41.2617684312881
21.2373942997457
28.9534225381137
20.6337039477908
39.0237580679815
60.9655495756382
36.6796664055225
32.0714968355647
31.9343956504273
30.6756928478127
36.5872984492284
47.8298669768557
28.5791095523939
113.272718419233
36.8994934379206
61.1783625018453
125.355903226496
47.9516130673748
14.625188873616
11.4526939740737
53.7584411631845
39.932376093937
60.2889086199646
31.994959724464
37.6022458722403
39.99098395902
66.3235364577896
37.6892193718352
22.2284558620993
46.233167734474
58.5154009894281
117.725122544856
28.287953344896
61.292617328463
45.6991778738456
30.4541412679366
40.0125748345292
41.480892605334
39.6094862344651
94.1078169830149
25.709556387502
49.9923473842593
27.5849098663445
22.7345142615368
87.2536152823097
105.056479884037
83.2336076124735
61.2892868444594
142.137946603734
68.5779315103462
9.69026284228418
32.2594854750268
34.0940444381834
40.7423267832596
74.1496544514108
152.246723876229
183.595146137796
30.5186659848275
133.549754195882
52.3305857935932
25.0263718289956
82.8094563515673
52.2674978290554
78.5131795160497
34.6858986891
55.9309268481278
135.141725137822
23.0837765356467
58.4004871320911
50.3654980565728
60.436834982431
114.457417301237
48.7645815999849
35.7567277416985
33.3246977965663
53.7653298016702
26.5975653670092
38.3124116829585
17.046454996844
64.1222904514115
25.5435270106773
23.4528654225974
45.192868688504
41.504771916288
103.715762575285
28.9662713565682
34.7653069611346
105.115113059619
96.4004344799054
36.5718414760351
81.8178814944228
31.5712189599016
39.7096100685223
50.8224526768651
31.4832475809869
40.4125159416035
16.7657751744452
67.7064686997351
45.1967381062767
47.4007394530188
10.4952977364806
50.7249896505336
34.8567521450372
22.2393422695668
72.4756739618754
73.649903388437
54.7140950444675
47.5173828095187
27.7104970356637
60.6417693789957
25.3513251213961
31.9735806227809
29.9773153815237
28.6929831810999
43.2762710685752
142.595873726224
23.7366059050456
111.489105160079
15.4072780187246
87.6502517574847
83.9760402492829
53.6454989053912
98.2875410615492
38.293709814644
73.9649581021878
41.78117250663
47.2143758126389
21.0993566640559
34.6408411728631
58.8740590013067
31.88946888358
29.5938700841089
27.034789929522
25.362685198295
48.9121857881102
42.4719220579299
22.7751173447421
42.3686155231533
29.796154558553
58.0569318313453
54.497919002485
46.5046576048822
100.644776244075
42.5620989062359
32.9175796628615
129.92475350693
6.85646304181267
72.4526331952918
9.44280717582807
72.5165397485401
18.4086078051901
11.8978901755269
76.3433455028554
34.8475569960345
38.2515240556471
24.9956463076555
19.6348352556803
104.342402762233
42.9266846227459
31.0412373318927
56.9903407763314
107.85073383888
97.7172081264849
35.5657018514858
91.2302017167541
22.8720337203656
51.8051910839118
80.2330527576141
37.2744675314584
17.2004107660924
23.1514777842649
82.2436872769779
70.5588719136427
46.8148228651944
59.2553157179496
41.8731978535055
28.9851391996454
78.0694876307317
54.5405358321472
85.1428430486856
39.7976194756057
31.4468564557877
80.1004313568192
17.6446793597525
49.9917048260263
46.1460936702337
21.2041760745802
16.0579271386119
24.2494251640177
56.4307328844207
74.9241395008762
19.5794383433904
39.6635601520086
28.6183325344784
26.9602383311591
41.7526055989319
49.6659571412161
49.0308338503519
191.380566434974
74.1819771961682
61.5703308440691
69.943610869165
80.5214158018572
83.6659738688418
58.600531174691
64.2634953471035
31.741520764616
27.9106343932714
28.1327093012345
71.4899880394875
70.6999132601948
37.7280720762614
20.2102233058189
123.626084246757
82.267147457607
25.308905897134
44.2558588685819
34.5266833396066
78.1699478631238
53.5656216505148
102.470921728464
105.631508601752
41.1938232758918
16.0094396438457
53.8819932538088
39.428919757015
16.5173378936602
76.7478007187929
19.8057662973131
56.8501859836324
32.9310707984203
47.9140729929857
64.8176714488729
39.3695852372292
38.9325090439918
19.3452963230834
54.6110098530227
20.6122369254881
41.6134130652846
28.166376069066
27.5042912608962
46.8330149376617
92.7718506222115
37.6925947687261
46.7811974444079
32.2595439056775
59.1818032366266
18.565947579204
51.7551492618111
19.9828760718072
65.0368327355646
63.8278752413704
34.4178984339547
55.3289783312349
26.4142838737378
26.5727612596457
177.750063313042
12.6577069995845
122.751761327598
24.9084700124083
35.8645707641895
73.0680019973574
73.8085656823822
102.043389988842
35.2729751595663
22.9990264412195
16.5796004070709
35.6901031613012
45.9465008648924
48.8138431208671
23.3952691294885
78.0516269885833
101.911200994558
11.744344652199
44.0868320960618
35.049101488531
32.9154166007089
51.0606820478913
39.4603410496219
130.361502076363
45.4944890211794
95.9870025921172
45.9236184449782
39.2155910847812
20.8356625308957
122.171279066498
17.133151945161
143.865742439788
44.1503269531656
32.1047097200845
35.7296335060453
83.7717033908747
65.5087921897907
27.124330982469
90.450927383302
35.1037597316302
52.1491904187607
82.332054071874
45.6810845944201
32.9838543312716
54.3440571042428
41.1231473834024
97.8930302319781
35.6354935455559
19.9806316687849
44.7945322931253
74.2902725028676
34.638659744167
59.3882755957909
43.7361444045422
49.2286737035697
37.7276184380688
55.6118701808323
78.6710674232115
27.5315552908407
33.4245655467638
63.0350007271132
57.7115625726542
44.4419403091334
42.3999673303203
41.3684641652037
84.9134585171244
29.9880182399696
25.790980236519
17.3788990055665
31.4215514771339
44.2398936503417
100.816354893916
40.2051923324255
34.6624640577355
15.3581144203522
92.4212223606497
81.2900601485608
30.7087870181322
35.894411696056
6.53636075090187
32.5308253555405
34.5173041311781
40.2683192872201
52.1248985195683
133.905735536837
80.9295466596675
30.4715009044128
25.3714715288355
35.9364692005242
44.0231841768327
13.7859770753038
15.4621085761098
173.90920849388
67.7115267686044
55.2035604055882
25.5937859219852
73.5947762500719
21.7224376344812
214.954975070097
23.028474396441
61.4363712509156
54.6797761906616
52.5936713700632
36.0795605902938
30.7333136761184
28.626923659503
24.211175271801
64.3596888554542
54.1284731723918
28.7553132571973
45.97841570423
57.7890624595673
78.2263168079211
83.2445151437466
70.0609583278497
17.6559465384036
45.7082673452493
31.0606219157928
28.4920129722877
125.351675000429
38.4960788064251
57.5416183273517
63.963400521289
65.687604729129
50.0271762343401
35.1246798768777
42.2958204785466
111.735110958537
32.4226912991715
76.5966068729189
19.5219666600417
102.337797356355
125.686966432
28.2241656444765
48.8045011121717
31.0351341658788
20.8050751015427
36.6743565777415
37.3811255886467
20.4706989651736
112.32362029871
49.7287339080103
26.5176900815827
34.2700382950742
47.7290357154277
25.5449618426317
40.5794029290392
76.5474565499176
54.5834533189919
42.9071037700621
22.4857374312465
43.9268932135337
114.266701819092
87.3783859204856
71.5946868687684
65.2233749385352
48.6345052574627
81.7565950524874
137.898315810905
72.4246202096795
31.5870691945056
84.3032078875673
37.3560314367295
28.6122979287614
17.6223175335906
103.607977301469
51.0758544288792
26.1388133934646
43.9611865489199
89.2484267404883
35.2577980820976
60.4178091376323
59.4381339885258
43.5992278689752
45.8745985518343
100.621191379885
64.2614522598171
135.494677958096
22.3973275611627
55.1314890836988
18.5838135896233
103.831412741271
30.5927810036121
28.9136816962917
48.4460898027079
43.7517086301719
40.2769540384926
38.4566101940176
43.8463993871622
207.620102352644
18.0633729445134
49.4685209183853
31.3015493387356
33.8852973095291
44.3618651734252
22.5102099162987
45.0352248261817
32.2627842204059
81.0562997912677
49.4563609081859
44.637812082427
76.0438896312589
23.5203709123485
72.6434920348718
17.4845988773394
48.4755636551826
23.8186520829635
44.7066158486212
53.8138039633071
29.3690931764849
134.459610129414
35.2760303925563
31.7595026528841
21.2205834796144
34.6200658941455
52.6079225117858
38.3322854618284
37.3624229262708
49.322563823214
33.6553781864097
101.164563015509
70.147731581215
30.5442225860563
62.0461636124024
63.7045123740107
68.1700785578079
28.2154242557744
29.2221681776081
31.6937517163542
88.3823081169009
60.3574226217503
47.9996108151853
64.7914015793118
62.1899917093852
66.086744235016
32.8226208020127
89.2802198730423
43.7296751687128
23.8936860148858
106.858662818891
37.7120728553022
111.147668958824
17.9820665563828
68.0743471504485
61.7747046029525
68.1062804554589
59.4813009458394
46.1843848484909
10.7353849008698
85.6224064712328
45.4044611794872
119.758082618932
33.5246941078279
96.1108292614647
40.8607051069446
46.8569119646078
64.3363287969283
42.4136703477552
98.9435392579397
65.3931017500512
42.7202694707349
138.066413998599
31.4842420968307
34.4640147026068
34.5304575159392
59.7758970026327
52.8844418469924
51.9295017590261
77.3972224633857
103.921596635578
50.9014929285233
13.4634055457248
12.6702741951034
34.5991946496492
11.9582953020761
25.4941177046221
109.489474648511
30.6248415324315
42.7329197595238
26.811262452999
29.7810402641174
57.7888889700225
20.061645666746
55.242277411014
84.6029280025796
39.4524526439906
39.2098713557496
104.443597831348
38.9823342467265
55.3721351657835
12.5929673182602
19.6229236603098
122.777483827739
40.2526554313352
103.06857301893
32.4862616760686
17.8630482183104
40.8373792563097
28.2620239448251
87.076516203448
74.7514594090802
24.8519507051242
26.1738829408819
55.348619763573
24.6022221242878
70.1743259948251
24.2601058426124
87.9063494022045
31.4205946569974
153.570143358957
24.1250300413204
30.7973004556024
55.79489177995
44.4692333615353
30.2529255069729
53.6340412347875
18.7019520085975
60.5776515860163
39.2394014600612
52.9979452866954
75.0356428226434
72.9104277112709
70.8650195530022
31.063456117416
178.452086135809
138.693443913751
41.5835653729651
61.4157351961451
94.9517325582258
62.1488506205183
17.4636573943843
94.2238992010111
26.6016894241306
25.8611340876678
22.7108215316073
83.2132667358072
152.207614624123
81.9980973326692
121.211417922356
71.1490135241504
54.3536299192571
57.2703819961022
133.237504823452
48.5007580442603
98.5400109363895
33.7535604798325
45.4448755262191
67.152094518549
25.7130856912506
33.570907000228
69.2280840599918
38.9434117871216
35.5890233915902
39.8067871413647
56.1867418412201
47.8630231679084
75.8815889631963
16.5116037824262
104.521490692018
56.3378385412552
34.6358458766519
44.3815608015793
33.9639760485047
54.8791275398568
17.1850975364745
17.0672053277976
27.7531531437008
73.464015173051
38.1914751625206
24.9483967550141
78.0561237253757
12.7862588581485
56.6742915835936
74.0914229926555
56.3957256951371
67.2988590625475
72.8616274791318
157.747841220706
19.7233783858299
42.944703826072
52.7621921584206
88.2450661237445
43.0764589957904
46.8338603227626
65.1523764949222
35.9514470456518
87.8769988963165
94.3274436788938
46.5491655752486
54.9797301095092
47.0375898754268
37.6646048362811
69.6231681958127
52.0376288107653
63.1452886380167